With Respected to IonType 0, type 0 distribution---------
19055, 9259, 2135, 299, 36, 2, 2, 0, 0, 0, 0, 0, 0, 0, 0, 0, 0, 0, 0, 0, 0, 
With Respected to IonType 0, type 1 distribution---------
185, 1024, 2913, 5237, 6482, 6041, 4377, 2623, 1202, 502, 151, 41, 10, 0, 0, 0, 0, 0, 0, 0, 0, 
With Respected to IonType 0, type 2 distribution---------
142, 1035, 2705, 4872, 6309, 6142, 4606, 2738, 1419, 564, 191, 50, 10, 4, 1, 0, 0, 0, 0, 0, 0, 
With Respected to IonType 0, type 3 distribution---------
269, 1467, 3700, 5740, 6644, 5745, 3776, 2135, 871, 317, 102, 17, 3, 2, 0, 0, 0, 0, 0, 0, 0, 
With Respected to IonType 0, type 4 distribution---------
241, 1316, 3342, 5575, 6660, 5947, 4003, 2113, 1053, 391, 110, 31, 5, 1, 0, 0, 0, 0, 0, 0, 0, 
With Respected to IonType 0, type 5 distribution---------
5941, 8900, 7530, 4634, 2252, 985, 375, 117, 45, 6, 3, 0, 0, 0, 0, 0, 0, 0, 0, 0, 0, 
With Respected to IonType 1, type 0 distribution---------
189220, 89169, 20040, 2963, 304, 20, 1, 0, 0, 0, 0, 0, 0, 0, 0, 0, 0, 0, 0, 0, 0, 
With Respected to IonType 1, type 1 distribution---------
1790, 10136, 28339, 50350, 62788, 59315, 43966, 25899, 12328, 4779, 1539, 394, 75, 13, 6, 0, 0, 0, 0, 0, 0, 
With Respected to IonType 1, type 2 distribution---------
1748, 10267, 28278, 50503, 62489, 58917, 43399, 26185, 12591, 5121, 1657, 450, 88, 20, 4, 0, 0, 0, 0, 0, 0, 
With Respected to IonType 1, type 3 distribution---------
2479, 13347, 34725, 56447, 64992, 56631, 38173, 20918, 9247, 3380, 1079, 242, 50, 5, 2, 0, 0, 0, 0, 0, 0, 
With Respected to IonType 1, type 4 distribution---------
2123, 12275, 32680, 54219, 64625, 57718, 40419, 22228, 10241, 3700, 1114, 294, 66, 15, 0, 0, 0, 0, 0, 0, 0, 
With Respected to IonType 1, type 5 distribution---------
58828, 87416, 73038, 45025, 22611, 9783, 3497, 1117, 305, 71, 22, 4, 0, 0, 0, 0, 0, 0, 0, 0, 0, 
With Respected to IonType 2, type 0 distribution---------
187003, 90419, 20889, 3007, 347, 28, 0, 0, 0, 0, 0, 0, 0, 0, 0, 0, 0, 0, 0, 0, 0, 
With Respected to IonType 2, type 1 distribution---------
1632, 10128, 27894, 50070, 62656, 59828, 43921, 26096, 12447, 4918, 1545, 449, 92, 13, 4, 0, 0, 0, 0, 0, 0, 
With Respected to IonType 2, type 2 distribution---------
1792, 10087, 28588, 50350, 62589, 59026, 43684, 26081, 12367, 4980, 1554, 462, 100, 28, 5, 0, 0, 0, 0, 0, 0, 
With Respected to IonType 2, type 3 distribution---------
2531, 13643, 35074, 56730, 64874, 56116, 38194, 20524, 9229, 3402, 1041, 263, 59, 12, 1, 0, 0, 0, 0, 0, 0, 
With Respected to IonType 2, type 4 distribution---------
2282, 12468, 32541, 54512, 64853, 57634, 40147, 22209, 9933, 3628, 1153, 270, 51, 11, 1, 0, 0, 0, 0, 0, 0, 
With Respected to IonType 2, type 5 distribution---------
58462, 87620, 73075, 44891, 22718, 9794, 3627, 1131, 295, 61, 13, 5, 1, 0, 0, 0, 0, 0, 0, 0, 0, 
With Respected to IonType 3, type 0 distribution---------
177236, 82755, 18710, 2708, 290, 21, 1, 0, 0, 0, 0, 0, 0, 0, 0, 0, 0, 0, 0, 0, 0, 
With Respected to IonType 3, type 1 distribution---------
1539, 9342, 26250, 46499, 58835, 55431, 41223, 24388, 11574, 4640, 1489, 404, 88, 17, 2, 0, 0, 0, 0, 0, 0, 
With Respected to IonType 3, type 2 distribution---------
1614, 9735, 26516, 47061, 58683, 55159, 40454, 24211, 11602, 4657, 1541, 385, 86, 15, 2, 0, 0, 0, 0, 0, 0, 
With Respected to IonType 3, type 3 distribution---------
2343, 12793, 32762, 52257, 60668, 52579, 35416, 19638, 8803, 3155, 1012, 231, 58, 6, 0, 0, 0, 0, 0, 0, 0, 
With Respected to IonType 3, type 4 distribution---------
2078, 11301, 30525, 50682, 60486, 54171, 37546, 20616, 9468, 3439, 1102, 239, 52, 13, 3, 0, 0, 0, 0, 0, 0, 
With Respected to IonType 3, type 5 distribution---------
54732, 82036, 67778, 41907, 21419, 9132, 3318, 1033, 273, 74, 17, 2, 0, 0, 0, 0, 0, 0, 0, 0, 0, 
With Respected to IonType 4, type 0 distribution---------
180252, 84817, 19346, 2852, 248, 18, 0, 0, 0, 0, 0, 0, 0, 0, 0, 0, 0, 0, 0, 0, 0, 
With Respected to IonType 4, type 1 distribution---------
1525, 9444, 26830, 47632, 59573, 56593, 42172, 25174, 11865, 4750, 1460, 408, 93, 13, 1, 0, 0, 0, 0, 0, 0, 
With Respected to IonType 4, type 2 distribution---------
1569, 9919, 27197, 47886, 59600, 55960, 42035, 24602, 11929, 4765, 1541, 425, 84, 18, 3, 0, 0, 0, 0, 0, 0, 
With Respected to IonType 4, type 3 distribution---------
2344, 12834, 32922, 53911, 61915, 53798, 36419, 20007, 8770, 3280, 1006, 265, 55, 7, 0, 0, 0, 0, 0, 0, 0, 
With Respected to IonType 4, type 4 distribution---------
2087, 11878, 31409, 52553, 62090, 54504, 38018, 20767, 9457, 3376, 1064, 264, 52, 12, 2, 0, 0, 0, 0, 0, 0, 
With Respected to IonType 4, type 5 distribution---------
55514, 83092, 69975, 43033, 21852, 9247, 3446, 1029, 256, 71, 15, 2, 1, 0, 0, 0, 0, 0, 0, 0, 0, 
With Respected to IonType 5, type 0 distribution---------
76239, 35282, 7895, 1205, 120, 12, 1, 0, 0, 0, 0, 0, 0, 0, 0, 0, 0, 0, 0, 0, 0, 
With Respected to IonType 5, type 1 distribution---------
683, 4324, 12034, 20740, 25407, 23603, 17173, 9691, 4606, 1714, 588, 160, 22, 7, 2, 0, 0, 0, 0, 0, 0, 
With Respected to IonType 5, type 2 distribution---------
771, 4383, 12049, 20681, 25337, 23627, 16745, 9816, 4713, 1824, 607, 160, 31, 9, 1, 0, 0, 0, 0, 0, 0, 
With Respected to IonType 5, type 3 distribution---------
1139, 5879, 14401, 23548, 26041, 21945, 14773, 7873, 3411, 1269, 374, 70, 26, 5, 0, 0, 0, 0, 0, 0, 0, 
With Respected to IonType 5, type 4 distribution---------
956, 5381, 13608, 22503, 26085, 22650, 15687, 8459, 3616, 1308, 375, 97, 25, 3, 1, 0, 0, 0, 0, 0, 0, 
With Respected to IonType 5, type 5 distribution---------
17431, 30661, 30147, 21266, 12339, 5648, 2244, 734, 206, 62, 15, 1, 0, 0, 0, 0, 0, 0, 0, 0, 0, 
