With Respected to IonType 0, type 0 distribution---------
2939, 6894, 8125, 6418, 3762, 1714, 637, 212, 61, 20, 4, 2, 0, 0, 0, 0, 0, 0, 0, 0, 0, 0, 0, 0, 0, 0, 0, 0, 0, 0, 0, 0, 0, 0, 0, 0, 0, 0, 0, 0, 0, 0, 0, 0, 0, 0, 0, 0, 0, 0, 0, 0, 0, 0, 0, 0, 0, 0, 0, 0, 0, 0, 0, 0, 0, 0, 0, 0, 0, 0, 0, 0, 0, 0, 0, 0, 0, 0, 0, 0, 0, 0, 0, 0, 0, 0, 0, 0, 0, 0, 0, 0, 0, 0, 0, 0, 0, 0, 0, 0, 0, 
With Respected to IonType 0, type 1 distribution---------
0, 0, 0, 0, 0, 0, 0, 1, 1, 11, 20, 30, 92, 165, 338, 530, 824, 1196, 1659, 2046, 2446, 2738, 2932, 2876, 2667, 2374, 2072, 1738, 1306, 973, 658, 455, 275, 174, 88, 46, 32, 11, 8, 3, 2, 0, 1, 0, 0, 0, 0, 0, 0, 0, 0, 0, 0, 0, 0, 0, 0, 0, 0, 0, 0, 0, 0, 0, 0, 0, 0, 0, 0, 0, 0, 0, 0, 0, 0, 0, 0, 0, 0, 0, 0, 0, 0, 0, 0, 0, 0, 0, 0, 0, 0, 0, 0, 0, 0, 0, 0, 0, 0, 0, 0, 
With Respected to IonType 0, type 2 distribution---------
0, 0, 0, 0, 0, 0, 1, 1, 0, 5, 12, 40, 54, 145, 281, 498, 743, 1137, 1492, 1869, 2334, 2588, 2824, 2897, 2774, 2434, 2132, 1830, 1420, 1063, 751, 570, 363, 236, 143, 67, 44, 19, 16, 1, 1, 2, 0, 1, 0, 0, 0, 0, 0, 0, 0, 0, 0, 0, 0, 0, 0, 0, 0, 0, 0, 0, 0, 0, 0, 0, 0, 0, 0, 0, 0, 0, 0, 0, 0, 0, 0, 0, 0, 0, 0, 0, 0, 0, 0, 0, 0, 0, 0, 0, 0, 0, 0, 0, 0, 0, 0, 0, 0, 0, 0, 
With Respected to IonType 0, type 3 distribution---------
0, 0, 0, 0, 0, 0, 0, 2, 5, 12, 42, 112, 255, 387, 690, 1029, 1407, 1856, 2284, 2679, 2947, 2869, 2920, 2581, 2148, 1924, 1398, 1139, 776, 486, 336, 215, 135, 86, 36, 19, 7, 4, 2, 0, 0, 0, 0, 0, 0, 0, 0, 0, 0, 0, 0, 0, 0, 0, 0, 0, 0, 0, 0, 0, 0, 0, 0, 0, 0, 0, 0, 0, 0, 0, 0, 0, 0, 0, 0, 0, 0, 0, 0, 0, 0, 0, 0, 0, 0, 0, 0, 0, 0, 0, 0, 0, 0, 0, 0, 0, 0, 0, 0, 0, 0, 
With Respected to IonType 0, type 4 distribution---------
0, 0, 0, 0, 0, 0, 1, 1, 11, 12, 38, 82, 170, 297, 541, 768, 1156, 1628, 2050, 2515, 2759, 2990, 2901, 2780, 2507, 2096, 1666, 1256, 914, 656, 385, 244, 173, 90, 49, 22, 17, 7, 2, 4, 0, 0, 0, 0, 0, 0, 0, 0, 0, 0, 0, 0, 0, 0, 0, 0, 0, 0, 0, 0, 0, 0, 0, 0, 0, 0, 0, 0, 0, 0, 0, 0, 0, 0, 0, 0, 0, 0, 0, 0, 0, 0, 0, 0, 0, 0, 0, 0, 0, 0, 0, 0, 0, 0, 0, 0, 0, 0, 0, 0, 0, 
With Respected to IonType 0, type 5 distribution---------
62, 291, 850, 1567, 2233, 2667, 2918, 2778, 2643, 2308, 2174, 1978, 1792, 1531, 1291, 976, 797, 601, 446, 325, 189, 134, 94, 50, 40, 28, 12, 7, 1, 2, 2, 1, 0, 0, 0, 0, 0, 0, 0, 0, 0, 0, 0, 0, 0, 0, 0, 0, 0, 0, 0, 0, 0, 0, 0, 0, 0, 0, 0, 0, 0, 0, 0, 0, 0, 0, 0, 0, 0, 0, 0, 0, 0, 0, 0, 0, 0, 0, 0, 0, 0, 0, 0, 0, 0, 0, 0, 0, 0, 0, 0, 0, 0, 0, 0, 0, 0, 0, 0, 0, 0, 
With Respected to IonType 1, type 0 distribution---------
29347, 68817, 79783, 62531, 35873, 16313, 6255, 2027, 600, 135, 27, 5, 2, 2, 0, 0, 0, 0, 0, 0, 0, 0, 0, 0, 0, 0, 0, 0, 0, 0, 0, 0, 0, 0, 0, 0, 0, 0, 0, 0, 0, 0, 0, 0, 0, 0, 0, 0, 0, 0, 0, 0, 0, 0, 0, 0, 0, 0, 0, 0, 0, 0, 0, 0, 0, 0, 0, 0, 0, 0, 0, 0, 0, 0, 0, 0, 0, 0, 0, 0, 0, 0, 0, 0, 0, 0, 0, 0, 0, 0, 0, 0, 0, 0, 0, 0, 0, 0, 0, 0, 0, 
With Respected to IonType 1, type 1 distribution---------
0, 0, 0, 0, 0, 0, 4, 7, 15, 76, 182, 381, 831, 1667, 3136, 5209, 8032, 11515, 15762, 19762, 23449, 26567, 28388, 27910, 26945, 24150, 20407, 16749, 13037, 9558, 6679, 4627, 2809, 1767, 1013, 523, 298, 125, 71, 36, 17, 8, 1, 2, 2, 0, 0, 0, 0, 0, 0, 0, 0, 0, 0, 0, 0, 0, 0, 0, 0, 0, 0, 0, 0, 0, 0, 0, 0, 0, 0, 0, 0, 0, 0, 0, 0, 0, 0, 0, 0, 0, 0, 0, 0, 0, 0, 0, 0, 0, 0, 0, 0, 0, 0, 0, 0, 0, 0, 0, 0, 
With Respected to IonType 1, type 2 distribution---------
0, 0, 0, 0, 0, 0, 4, 4, 34, 68, 172, 398, 871, 1724, 3128, 5377, 8058, 11528, 15840, 20069, 23322, 26373, 28036, 27878, 26477, 23645, 20416, 16586, 12982, 9578, 6996, 4565, 3122, 1907, 1187, 608, 361, 208, 109, 44, 25, 10, 2, 4, 0, 1, 0, 0, 0, 0, 0, 0, 0, 0, 0, 0, 0, 0, 0, 0, 0, 0, 0, 0, 0, 0, 0, 0, 0, 0, 0, 0, 0, 0, 0, 0, 0, 0, 0, 0, 0, 0, 0, 0, 0, 0, 0, 0, 0, 0, 0, 0, 0, 0, 0, 0, 0, 0, 0, 0, 0, 
With Respected to IonType 1, type 3 distribution---------
0, 0, 0, 0, 0, 3, 8, 22, 69, 167, 472, 1027, 1994, 3640, 6007, 9415, 13205, 17842, 22229, 25670, 28111, 28833, 27888, 26058, 22805, 18564, 14768, 10976, 7868, 5372, 3503, 2184, 1302, 800, 446, 252, 115, 48, 30, 9, 11, 2, 1, 1, 0, 0, 0, 0, 0, 0, 0, 0, 0, 0, 0, 0, 0, 0, 0, 0, 0, 0, 0, 0, 0, 0, 0, 0, 0, 0, 0, 0, 0, 0, 0, 0, 0, 0, 0, 0, 0, 0, 0, 0, 0, 0, 0, 0, 0, 0, 0, 0, 0, 0, 0, 0, 0, 0, 0, 0, 0, 
With Respected to IonType 1, type 4 distribution---------
0, 0, 0, 0, 0, 1, 4, 17, 57, 137, 335, 818, 1535, 2821, 4812, 7748, 11408, 15782, 20267, 24112, 27217, 28656, 28981, 27041, 24360, 20426, 16659, 12675, 9182, 6297, 4159, 2645, 1626, 914, 501, 294, 122, 52, 33, 12, 7, 0, 4, 0, 0, 0, 0, 0, 0, 0, 0, 0, 0, 0, 0, 0, 0, 0, 0, 0, 0, 0, 0, 0, 0, 0, 0, 0, 0, 0, 0, 0, 0, 0, 0, 0, 0, 0, 0, 0, 0, 0, 0, 0, 0, 0, 0, 0, 0, 0, 0, 0, 0, 0, 0, 0, 0, 0, 0, 0, 0, 
With Respected to IonType 1, type 5 distribution---------
527, 2833, 7722, 14948, 21760, 26336, 28152, 27318, 25594, 23639, 21525, 19564, 17316, 15260, 12402, 10173, 7839, 5954, 4177, 3060, 2084, 1328, 843, 533, 328, 206, 127, 71, 42, 23, 13, 11, 5, 2, 1, 0, 0, 0, 1, 0, 0, 0, 0, 0, 0, 0, 0, 0, 0, 0, 0, 0, 0, 0, 0, 0, 0, 0, 0, 0, 0, 0, 0, 0, 0, 0, 0, 0, 0, 0, 0, 0, 0, 0, 0, 0, 0, 0, 0, 0, 0, 0, 0, 0, 0, 0, 0, 0, 0, 0, 0, 0, 0, 0, 0, 0, 0, 0, 0, 0, 0, 
With Respected to IonType 2, type 0 distribution---------
28443, 67133, 79782, 62636, 36920, 17107, 6596, 2221, 654, 160, 36, 5, 0, 0, 0, 0, 0, 0, 0, 0, 0, 0, 0, 0, 0, 0, 0, 0, 0, 0, 0, 0, 0, 0, 0, 0, 0, 0, 0, 0, 0, 0, 0, 0, 0, 0, 0, 0, 0, 0, 0, 0, 0, 0, 0, 0, 0, 0, 0, 0, 0, 0, 0, 0, 0, 0, 0, 0, 0, 0, 0, 0, 0, 0, 0, 0, 0, 0, 0, 0, 0, 0, 0, 0, 0, 0, 0, 0, 0, 0, 0, 0, 0, 0, 0, 0, 0, 0, 0, 0, 0, 
With Respected to IonType 2, type 1 distribution---------
0, 0, 0, 0, 0, 0, 2, 9, 24, 67, 187, 390, 828, 1638, 3068, 5144, 7878, 11600, 15466, 19680, 23558, 26435, 27903, 28144, 26876, 24212, 20784, 16982, 12868, 9652, 6632, 4630, 2975, 1830, 1062, 561, 315, 167, 66, 28, 20, 2, 7, 2, 1, 0, 0, 0, 0, 0, 0, 0, 0, 0, 0, 0, 0, 0, 0, 0, 0, 0, 0, 0, 0, 0, 0, 0, 0, 0, 0, 0, 0, 0, 0, 0, 0, 0, 0, 0, 0, 0, 0, 0, 0, 0, 0, 0, 0, 0, 0, 0, 0, 0, 0, 0, 0, 0, 0, 0, 0, 
With Respected to IonType 2, type 2 distribution---------
0, 0, 0, 0, 0, 1, 3, 7, 16, 97, 204, 437, 879, 1768, 3133, 5240, 8150, 11679, 15785, 19865, 23786, 26473, 27564, 27744, 26094, 23777, 20211, 16812, 12708, 9787, 6957, 4825, 3161, 1976, 1144, 699, 349, 170, 101, 45, 26, 10, 9, 0, 1, 0, 0, 0, 0, 0, 0, 0, 0, 0, 0, 0, 0, 0, 0, 0, 0, 0, 0, 0, 0, 0, 0, 0, 0, 0, 0, 0, 0, 0, 0, 0, 0, 0, 0, 0, 0, 0, 0, 0, 0, 0, 0, 0, 0, 0, 0, 0, 0, 0, 0, 0, 0, 0, 0, 0, 0, 
With Respected to IonType 2, type 3 distribution---------
0, 0, 0, 0, 0, 1, 6, 19, 67, 178, 422, 1009, 2095, 3580, 6099, 9623, 13445, 18125, 22225, 25749, 28533, 28927, 27978, 25884, 22345, 18366, 14391, 11055, 7865, 5260, 3430, 2074, 1312, 750, 434, 226, 119, 56, 22, 15, 4, 3, 1, 0, 0, 0, 0, 0, 0, 0, 0, 0, 0, 0, 0, 0, 0, 0, 0, 0, 0, 0, 0, 0, 0, 0, 0, 0, 0, 0, 0, 0, 0, 0, 0, 0, 0, 0, 0, 0, 0, 0, 0, 0, 0, 0, 0, 0, 0, 0, 0, 0, 0, 0, 0, 0, 0, 0, 0, 0, 0, 
With Respected to IonType 2, type 4 distribution---------
0, 0, 0, 0, 0, 0, 4, 10, 52, 174, 364, 805, 1614, 2968, 4923, 7813, 11823, 15883, 20117, 24276, 27311, 28540, 28754, 27032, 24017, 20175, 16493, 12783, 9217, 6227, 4142, 2696, 1506, 914, 538, 294, 125, 57, 30, 12, 3, 1, 0, 0, 0, 0, 0, 0, 0, 0, 0, 0, 0, 0, 0, 0, 0, 0, 0, 0, 0, 0, 0, 0, 0, 0, 0, 0, 0, 0, 0, 0, 0, 0, 0, 0, 0, 0, 0, 0, 0, 0, 0, 0, 0, 0, 0, 0, 0, 0, 0, 0, 0, 0, 0, 0, 0, 0, 0, 0, 0, 
With Respected to IonType 2, type 5 distribution---------
517, 2816, 7928, 14864, 21810, 26458, 27742, 27547, 25510, 23510, 21598, 19462, 17552, 15048, 12437, 9975, 7968, 6000, 4362, 2883, 2073, 1334, 960, 557, 323, 198, 108, 61, 38, 22, 13, 11, 3, 2, 0, 1, 0, 2, 0, 0, 0, 0, 0, 0, 0, 0, 0, 0, 0, 0, 0, 0, 0, 0, 0, 0, 0, 0, 0, 0, 0, 0, 0, 0, 0, 0, 0, 0, 0, 0, 0, 0, 0, 0, 0, 0, 0, 0, 0, 0, 0, 0, 0, 0, 0, 0, 0, 0, 0, 0, 0, 0, 0, 0, 0, 0, 0, 0, 0, 0, 0, 
With Respected to IonType 3, type 0 distribution---------
27552, 64293, 74392, 58165, 33606, 15359, 5782, 1855, 528, 146, 39, 3, 1, 0, 0, 0, 0, 0, 0, 0, 0, 0, 0, 0, 0, 0, 0, 0, 0, 0, 0, 0, 0, 0, 0, 0, 0, 0, 0, 0, 0, 0, 0, 0, 0, 0, 0, 0, 0, 0, 0, 0, 0, 0, 0, 0, 0, 0, 0, 0, 0, 0, 0, 0, 0, 0, 0, 0, 0, 0, 0, 0, 0, 0, 0, 0, 0, 0, 0, 0, 0, 0, 0, 0, 0, 0, 0, 0, 0, 0, 0, 0, 0, 0, 0, 0, 0, 0, 0, 0, 0, 
With Respected to IonType 3, type 1 distribution---------
0, 0, 0, 0, 0, 0, 2, 7, 22, 68, 178, 361, 746, 1588, 2803, 4597, 7307, 10628, 14324, 18256, 22005, 24859, 26217, 26271, 25118, 22912, 19479, 15600, 12141, 9092, 6346, 4304, 2736, 1624, 981, 547, 310, 173, 67, 32, 12, 6, 0, 1, 0, 0, 1, 0, 0, 0, 0, 0, 0, 0, 0, 0, 0, 0, 0, 0, 0, 0, 0, 0, 0, 0, 0, 0, 0, 0, 0, 0, 0, 0, 0, 0, 0, 0, 0, 0, 0, 0, 0, 0, 0, 0, 0, 0, 0, 0, 0, 0, 0, 0, 0, 0, 0, 0, 0, 0, 0, 
With Respected to IonType 3, type 2 distribution---------
0, 0, 0, 0, 0, 0, 2, 9, 25, 54, 167, 410, 844, 1679, 2995, 4982, 7536, 10986, 14683, 18957, 22033, 24626, 26081, 26115, 24562, 21885, 18648, 15314, 12237, 8888, 6348, 4407, 2875, 1905, 1094, 665, 336, 189, 90, 46, 26, 16, 3, 2, 1, 0, 0, 0, 0, 0, 0, 0, 0, 0, 0, 0, 0, 0, 0, 0, 0, 0, 0, 0, 0, 0, 0, 0, 0, 0, 0, 0, 0, 0, 0, 0, 0, 0, 0, 0, 0, 0, 0, 0, 0, 0, 0, 0, 0, 0, 0, 0, 0, 0, 0, 0, 0, 0, 0, 0, 0, 
With Respected to IonType 3, type 3 distribution---------
0, 0, 0, 0, 0, 0, 6, 20, 66, 177, 482, 916, 2032, 3502, 5776, 8897, 12644, 17058, 20532, 23983, 26432, 26499, 26000, 24133, 20825, 17408, 13726, 10225, 7306, 4927, 3289, 2077, 1220, 722, 383, 196, 134, 69, 32, 15, 6, 3, 1, 2, 0, 0, 0, 0, 0, 0, 0, 0, 0, 0, 0, 0, 0, 0, 0, 0, 0, 0, 0, 0, 0, 0, 0, 0, 0, 0, 0, 0, 0, 0, 0, 0, 0, 0, 0, 0, 0, 0, 0, 0, 0, 0, 0, 0, 0, 0, 0, 0, 0, 0, 0, 0, 0, 0, 0, 0, 0, 
With Respected to IonType 3, type 4 distribution---------
0, 0, 0, 0, 0, 0, 5, 22, 50, 127, 333, 717, 1436, 2679, 4550, 7356, 10598, 14524, 18799, 22848, 25248, 26741, 26780, 25133, 22970, 19261, 15627, 11929, 8550, 5834, 3900, 2455, 1477, 847, 462, 243, 120, 51, 31, 10, 4, 4, 0, 0, 0, 0, 0, 0, 0, 0, 0, 0, 0, 0, 0, 0, 0, 0, 0, 0, 0, 0, 0, 0, 0, 0, 0, 0, 0, 0, 0, 0, 0, 0, 0, 0, 0, 0, 0, 0, 0, 0, 0, 0, 0, 0, 0, 0, 0, 0, 0, 0, 0, 0, 0, 0, 0, 0, 0, 0, 0, 
With Respected to IonType 3, type 5 distribution---------
528, 2726, 7362, 13639, 20392, 24468, 26268, 25423, 24058, 21976, 20024, 18366, 16156, 14092, 11586, 9601, 7423, 5609, 4034, 2855, 1873, 1242, 800, 489, 303, 174, 102, 71, 33, 24, 14, 7, 2, 0, 1, 0, 0, 0, 0, 0, 0, 0, 0, 0, 0, 0, 0, 0, 0, 0, 0, 0, 0, 0, 0, 0, 0, 0, 0, 0, 0, 0, 0, 0, 0, 0, 0, 0, 0, 0, 0, 0, 0, 0, 0, 0, 0, 0, 0, 0, 0, 0, 0, 0, 0, 0, 0, 0, 0, 0, 0, 0, 0, 0, 0, 0, 0, 0, 0, 0, 0, 
With Respected to IonType 4, type 0 distribution---------
27973, 65570, 75704, 59323, 34197, 15899, 6206, 1934, 573, 124, 24, 6, 0, 0, 0, 0, 0, 0, 0, 0, 0, 0, 0, 0, 0, 0, 0, 0, 0, 0, 0, 0, 0, 0, 0, 0, 0, 0, 0, 0, 0, 0, 0, 0, 0, 0, 0, 0, 0, 0, 0, 0, 0, 0, 0, 0, 0, 0, 0, 0, 0, 0, 0, 0, 0, 0, 0, 0, 0, 0, 0, 0, 0, 0, 0, 0, 0, 0, 0, 0, 0, 0, 0, 0, 0, 0, 0, 0, 0, 0, 0, 0, 0, 0, 0, 0, 0, 0, 0, 0, 0, 
With Respected to IonType 4, type 1 distribution---------
0, 0, 0, 0, 0, 0, 0, 11, 26, 62, 154, 377, 819, 1522, 2883, 4769, 7344, 10985, 14794, 18809, 22654, 25386, 26655, 26896, 25455, 22788, 19819, 15985, 12391, 9223, 6533, 4364, 2798, 1787, 1037, 577, 342, 159, 62, 42, 14, 7, 2, 1, 1, 0, 0, 0, 0, 0, 0, 0, 0, 0, 0, 0, 0, 0, 0, 0, 0, 0, 0, 0, 0, 0, 0, 0, 0, 0, 0, 0, 0, 0, 0, 0, 0, 0, 0, 0, 0, 0, 0, 0, 0, 0, 0, 0, 0, 0, 0, 0, 0, 0, 0, 0, 0, 0, 0, 0, 0, 
With Respected to IonType 4, type 2 distribution---------
0, 0, 0, 0, 0, 1, 3, 7, 31, 73, 163, 414, 831, 1660, 3044, 5064, 7850, 11187, 15137, 18987, 22395, 25054, 26804, 26454, 25219, 22322, 19404, 15759, 12290, 9103, 6566, 4495, 3016, 1793, 1086, 623, 359, 168, 93, 43, 25, 5, 3, 2, 0, 0, 0, 0, 0, 0, 0, 0, 0, 0, 0, 0, 0, 0, 0, 0, 0, 0, 0, 0, 0, 0, 0, 0, 0, 0, 0, 0, 0, 0, 0, 0, 0, 0, 0, 0, 0, 0, 0, 0, 0, 0, 0, 0, 0, 0, 0, 0, 0, 0, 0, 0, 0, 0, 0, 0, 0, 
With Respected to IonType 4, type 3 distribution---------
0, 0, 0, 0, 0, 1, 4, 19, 50, 167, 430, 1000, 1960, 3495, 5605, 8937, 12890, 16954, 21261, 24566, 26994, 27494, 26530, 24445, 21392, 17682, 14226, 10585, 7434, 5034, 3431, 2156, 1222, 738, 411, 207, 105, 57, 22, 15, 10, 1, 0, 3, 0, 0, 0, 0, 0, 0, 0, 0, 0, 0, 0, 0, 0, 0, 0, 0, 0, 0, 0, 0, 0, 0, 0, 0, 0, 0, 0, 0, 0, 0, 0, 0, 0, 0, 0, 0, 0, 0, 0, 0, 0, 0, 0, 0, 0, 0, 0, 0, 0, 0, 0, 0, 0, 0, 0, 0, 0, 
With Respected to IonType 4, type 4 distribution---------
0, 0, 0, 0, 0, 0, 4, 14, 62, 137, 323, 777, 1456, 2792, 4779, 7549, 11009, 15155, 19243, 23401, 26218, 27329, 27603, 25593, 23005, 19597, 15623, 11946, 8333, 5912, 3974, 2532, 1447, 835, 456, 209, 115, 46, 28, 18, 9, 2, 2, 0, 0, 0, 0, 0, 0, 0, 0, 0, 0, 0, 0, 0, 0, 0, 0, 0, 0, 0, 0, 0, 0, 0, 0, 0, 0, 0, 0, 0, 0, 0, 0, 0, 0, 0, 0, 0, 0, 0, 0, 0, 0, 0, 0, 0, 0, 0, 0, 0, 0, 0, 0, 0, 0, 0, 0, 0, 0, 
With Respected to IonType 4, type 5 distribution---------
474, 2671, 7252, 14020, 20512, 24889, 26654, 25873, 24544, 22807, 20846, 18641, 16628, 14489, 12133, 9613, 7693, 5679, 3979, 2920, 1890, 1261, 804, 518, 312, 179, 105, 51, 40, 23, 16, 6, 4, 2, 4, 0, 0, 0, 1, 0, 0, 0, 0, 0, 0, 0, 0, 0, 0, 0, 0, 0, 0, 0, 0, 0, 0, 0, 0, 0, 0, 0, 0, 0, 0, 0, 0, 0, 0, 0, 0, 0, 0, 0, 0, 0, 0, 0, 0, 0, 0, 0, 0, 0, 0, 0, 0, 0, 0, 0, 0, 0, 0, 0, 0, 0, 0, 0, 0, 0, 0, 
With Respected to IonType 5, type 0 distribution---------
12502, 28166, 31915, 24431, 13862, 6465, 2409, 759, 187, 53, 4, 1, 0, 0, 0, 0, 0, 0, 0, 0, 0, 0, 0, 0, 0, 0, 0, 0, 0, 0, 0, 0, 0, 0, 0, 0, 0, 0, 0, 0, 0, 0, 0, 0, 0, 0, 0, 0, 0, 0, 0, 0, 0, 0, 0, 0, 0, 0, 0, 0, 0, 0, 0, 0, 0, 0, 0, 0, 0, 0, 0, 0, 0, 0, 0, 0, 0, 0, 0, 0, 0, 0, 0, 0, 0, 0, 0, 0, 0, 0, 0, 0, 0, 0, 0, 0, 0, 0, 0, 0, 0, 
With Respected to IonType 5, type 1 distribution---------
0, 0, 0, 0, 0, 0, 2, 2, 15, 30, 82, 207, 417, 819, 1433, 2336, 3675, 5325, 7039, 8480, 9918, 10986, 11418, 11069, 10346, 9229, 7770, 6152, 4681, 3333, 2257, 1495, 931, 563, 369, 181, 110, 39, 22, 20, 2, 1, 0, 0, 0, 0, 0, 0, 0, 0, 0, 0, 0, 0, 0, 0, 0, 0, 0, 0, 0, 0, 0, 0, 0, 0, 0, 0, 0, 0, 0, 0, 0, 0, 0, 0, 0, 0, 0, 0, 0, 0, 0, 0, 0, 0, 0, 0, 0, 0, 0, 0, 0, 0, 0, 0, 0, 0, 0, 0, 0, 
With Respected to IonType 5, type 2 distribution---------
0, 0, 0, 0, 0, 0, 1, 6, 17, 22, 88, 233, 482, 880, 1506, 2428, 3775, 5161, 7132, 8588, 9913, 11055, 11203, 11000, 10119, 9115, 7635, 6039, 4616, 3310, 2358, 1621, 1018, 617, 382, 204, 105, 57, 38, 10, 12, 5, 2, 1, 0, 0, 0, 0, 0, 0, 0, 0, 0, 0, 0, 0, 0, 0, 0, 0, 0, 0, 0, 0, 0, 0, 0, 0, 0, 0, 0, 0, 0, 0, 0, 0, 0, 0, 0, 0, 0, 0, 0, 0, 0, 0, 0, 0, 0, 0, 0, 0, 0, 0, 0, 0, 0, 0, 0, 0, 0, 
With Respected to IonType 5, type 3 distribution---------
0, 0, 0, 0, 0, 1, 6, 12, 39, 91, 245, 499, 1008, 1750, 2891, 4336, 5907, 7814, 9368, 10535, 11649, 11683, 10961, 9867, 8553, 6916, 5309, 3937, 2747, 1842, 1161, 696, 427, 236, 156, 56, 23, 14, 7, 6, 4, 1, 1, 0, 0, 0, 0, 0, 0, 0, 0, 0, 0, 0, 0, 0, 0, 0, 0, 0, 0, 0, 0, 0, 0, 0, 0, 0, 0, 0, 0, 0, 0, 0, 0, 0, 0, 0, 0, 0, 0, 0, 0, 0, 0, 0, 0, 0, 0, 0, 0, 0, 0, 0, 0, 0, 0, 0, 0, 0, 0, 
With Respected to IonType 5, type 4 distribution---------
0, 0, 0, 0, 1, 0, 0, 13, 26, 70, 183, 425, 786, 1415, 2294, 3586, 5266, 6860, 8682, 10142, 11018, 11358, 11426, 10429, 9205, 7714, 6148, 4657, 3303, 2209, 1488, 891, 541, 293, 166, 70, 43, 27, 11, 5, 3, 0, 0, 0, 0, 0, 0, 0, 0, 0, 0, 0, 0, 0, 0, 0, 0, 0, 0, 0, 0, 0, 0, 0, 0, 0, 0, 0, 0, 0, 0, 0, 0, 0, 0, 0, 0, 0, 0, 0, 0, 0, 0, 0, 0, 0, 0, 0, 0, 0, 0, 0, 0, 0, 0, 0, 0, 0, 0, 0, 0, 
With Respected to IonType 5, type 5 distribution---------
103, 607, 1800, 3454, 5487, 6975, 8086, 8890, 9206, 9579, 9444, 9374, 8822, 8165, 7191, 6024, 4830, 3712, 2771, 2003, 1455, 990, 697, 391, 272, 173, 93, 75, 34, 29, 7, 8, 1, 3, 1, 2, 0, 0, 0, 0, 0, 0, 0, 0, 0, 0, 0, 0, 0, 0, 0, 0, 0, 0, 0, 0, 0, 0, 0, 0, 0, 0, 0, 0, 0, 0, 0, 0, 0, 0, 0, 0, 0, 0, 0, 0, 0, 0, 0, 0, 0, 0, 0, 0, 0, 0, 0, 0, 0, 0, 0, 0, 0, 0, 0, 0, 0, 0, 0, 0, 0, 
