With Respected to IonType 0, type 0 distribution---------
11839, 11447, 5404, 1640, 368, 82, 5, 2, 0, 1, 0, 0, 0, 0, 0, 0, 0, 0, 0, 0, 0, 0, 0, 0, 0, 0, 0, 0, 0, 0, 0, 0, 0, 0, 0, 0, 0, 0, 0, 0, 0, 
With Respected to IonType 0, type 1 distribution---------
1, 20, 60, 250, 690, 1498, 2623, 3538, 4384, 4675, 4260, 3390, 2315, 1470, 849, 454, 192, 73, 32, 13, 1, 0, 0, 0, 0, 0, 0, 0, 0, 0, 0, 0, 0, 0, 0, 0, 0, 0, 0, 0, 0, 
With Respected to IonType 0, type 2 distribution---------
2, 8, 52, 228, 656, 1299, 2308, 3517, 4252, 4619, 4256, 3390, 2567, 1691, 989, 501, 290, 99, 49, 13, 1, 1, 0, 0, 0, 0, 0, 0, 0, 0, 0, 0, 0, 0, 0, 0, 0, 0, 0, 0, 0, 
With Respected to IonType 0, type 3 distribution---------
4, 24, 120, 431, 1093, 2023, 3256, 4312, 4704, 4513, 3752, 2767, 1791, 1076, 511, 259, 102, 35, 11, 3, 1, 0, 0, 0, 0, 0, 0, 0, 0, 0, 0, 0, 0, 0, 0, 0, 0, 0, 0, 0, 0, 
With Respected to IonType 0, type 4 distribution---------
3, 21, 102, 429, 875, 1851, 3082, 4052, 4698, 4583, 4001, 2778, 2023, 1149, 648, 298, 118, 42, 24, 8, 2, 0, 1, 0, 0, 0, 0, 0, 0, 0, 0, 0, 0, 0, 0, 0, 0, 0, 0, 0, 0, 
With Respected to IonType 0, type 5 distribution---------
1595, 4022, 5663, 5447, 4685, 3635, 2381, 1535, 883, 462, 271, 122, 48, 24, 11, 4, 0, 0, 0, 0, 0, 0, 0, 0, 0, 0, 0, 0, 0, 0, 0, 0, 0, 0, 0, 0, 0, 0, 0, 0, 0, 
With Respected to IonType 1, type 0 distribution---------
118631, 111509, 51759, 15664, 3445, 609, 89, 9, 1, 0, 1, 0, 0, 0, 0, 0, 0, 0, 0, 0, 0, 0, 0, 0, 0, 0, 0, 0, 0, 0, 0, 0, 0, 0, 0, 0, 0, 0, 0, 0, 0, 
With Respected to IonType 1, type 1 distribution---------
6, 117, 668, 2502, 6668, 14350, 24872, 35382, 42814, 45029, 41083, 33042, 23671, 15291, 8699, 4349, 1934, 803, 290, 105, 33, 5, 2, 2, 0, 0, 0, 0, 0, 0, 0, 0, 0, 0, 0, 0, 0, 0, 0, 0, 0, 
With Respected to IonType 1, type 2 distribution---------
12, 126, 705, 2511, 6792, 14359, 24584, 35527, 42780, 44603, 40683, 33052, 23878, 15138, 8666, 4632, 2240, 940, 320, 116, 39, 10, 4, 0, 0, 0, 0, 0, 0, 0, 0, 0, 0, 0, 0, 0, 0, 0, 0, 0, 0, 
With Respected to IonType 1, type 3 distribution---------
22, 228, 1173, 4060, 10152, 19628, 31560, 40738, 46151, 44337, 37233, 27449, 17904, 10754, 5672, 2801, 1174, 431, 170, 66, 6, 7, 0, 1, 0, 0, 0, 0, 0, 0, 0, 0, 0, 0, 0, 0, 0, 0, 0, 0, 0, 
With Respected to IonType 1, type 4 distribution---------
15, 186, 1041, 3495, 8828, 17729, 28952, 39865, 45505, 44768, 38528, 29748, 19911, 11840, 6174, 3059, 1295, 515, 185, 54, 19, 4, 1, 0, 0, 0, 0, 0, 0, 0, 0, 0, 0, 0, 0, 0, 0, 0, 0, 0, 0, 
With Respected to IonType 1, type 5 distribution---------
15551, 39601, 53892, 54295, 46042, 34886, 23905, 15500, 9074, 4808, 2358, 1070, 442, 176, 74, 28, 11, 3, 1, 0, 0, 0, 0, 0, 0, 0, 0, 0, 0, 0, 0, 0, 0, 0, 0, 0, 0, 0, 0, 0, 0, 
With Respected to IonType 2, type 0 distribution---------
116180, 111831, 52847, 16392, 3706, 610, 112, 14, 1, 0, 0, 0, 0, 0, 0, 0, 0, 0, 0, 0, 0, 0, 0, 0, 0, 0, 0, 0, 0, 0, 0, 0, 0, 0, 0, 0, 0, 0, 0, 0, 0, 
With Respected to IonType 2, type 1 distribution---------
8, 109, 615, 2575, 6688, 14142, 24421, 34776, 43084, 44970, 41189, 33517, 23780, 15431, 8662, 4375, 2067, 835, 320, 97, 24, 6, 2, 0, 0, 0, 0, 0, 0, 0, 0, 0, 0, 0, 0, 0, 0, 0, 0, 0, 0, 
With Respected to IonType 2, type 2 distribution---------
11, 126, 727, 2567, 6831, 14429, 24815, 35096, 42564, 44820, 40361, 33109, 23765, 15444, 8842, 4606, 2158, 900, 375, 93, 39, 12, 2, 1, 0, 0, 0, 0, 0, 0, 0, 0, 0, 0, 0, 0, 0, 0, 0, 0, 0, 
With Respected to IonType 2, type 3 distribution---------
28, 205, 1200, 4060, 10310, 20083, 31704, 41371, 46254, 43887, 36637, 27218, 17991, 10785, 5451, 2645, 1168, 459, 166, 55, 10, 3, 2, 1, 0, 0, 0, 0, 0, 0, 0, 0, 0, 0, 0, 0, 0, 0, 0, 0, 0, 
With Respected to IonType 2, type 4 distribution---------
23, 197, 1076, 3645, 9109, 18028, 28908, 39744, 45281, 45142, 38617, 29308, 19504, 11802, 6296, 2990, 1300, 472, 168, 59, 21, 3, 0, 0, 0, 0, 0, 0, 0, 0, 0, 0, 0, 0, 0, 0, 0, 0, 0, 0, 0, 
With Respected to IonType 2, type 5 distribution---------
15571, 39425, 53966, 54465, 45966, 34647, 24083, 15360, 9191, 4806, 2400, 1074, 474, 172, 61, 21, 9, 1, 1, 0, 0, 0, 0, 0, 0, 0, 0, 0, 0, 0, 0, 0, 0, 0, 0, 0, 0, 0, 0, 0, 0, 
With Respected to IonType 3, type 0 distribution---------
111096, 104012, 47876, 14908, 3184, 552, 83, 10, 0, 0, 0, 0, 0, 0, 0, 0, 0, 0, 0, 0, 0, 0, 0, 0, 0, 0, 0, 0, 0, 0, 0, 0, 0, 0, 0, 0, 0, 0, 0, 0, 0, 
With Respected to IonType 3, type 1 distribution---------
9, 94, 551, 2314, 6232, 13056, 22625, 32842, 39962, 42115, 38758, 30955, 22302, 14371, 8118, 4209, 1919, 842, 296, 107, 31, 11, 1, 0, 1, 0, 0, 0, 0, 0, 0, 0, 0, 0, 0, 0, 0, 0, 0, 0, 0, 
With Respected to IonType 3, type 2 distribution---------
11, 129, 639, 2377, 6530, 13327, 23359, 33321, 40251, 41545, 37839, 30648, 21935, 14013, 8209, 4282, 1972, 840, 332, 118, 31, 11, 2, 0, 0, 0, 0, 0, 0, 0, 0, 0, 0, 0, 0, 0, 0, 0, 0, 0, 0, 
With Respected to IonType 3, type 3 distribution---------
21, 232, 1107, 3826, 9651, 18649, 29569, 37881, 42703, 41239, 34489, 25861, 16905, 10062, 5199, 2575, 1085, 445, 149, 54, 13, 4, 1, 0, 1, 0, 0, 0, 0, 0, 0, 0, 0, 0, 0, 0, 0, 0, 0, 0, 0, 
With Respected to IonType 3, type 4 distribution---------
15, 182, 845, 3321, 8470, 16643, 27161, 36849, 42467, 41692, 36397, 27457, 18639, 10896, 5986, 2797, 1197, 463, 179, 47, 14, 2, 2, 0, 0, 0, 0, 0, 0, 0, 0, 0, 0, 0, 0, 0, 0, 0, 0, 0, 0, 
With Respected to IonType 3, type 5 distribution---------
14455, 36886, 50828, 50699, 42415, 32648, 22554, 14303, 8566, 4558, 2148, 985, 408, 164, 69, 21, 8, 6, 0, 0, 0, 0, 0, 0, 0, 0, 0, 0, 0, 0, 0, 0, 0, 0, 0, 0, 0, 0, 0, 0, 0, 
With Respected to IonType 4, type 0 distribution---------
113243, 106042, 49091, 15231, 3285, 550, 80, 9, 2, 0, 0, 0, 0, 0, 0, 0, 0, 0, 0, 0, 0, 0, 0, 0, 0, 0, 0, 0, 0, 0, 0, 0, 0, 0, 0, 0, 0, 0, 0, 0, 0, 
With Respected to IonType 4, type 1 distribution---------
12, 130, 588, 2243, 6490, 13622, 23002, 33419, 40599, 42779, 39441, 31834, 22795, 14573, 8351, 4435, 2008, 792, 288, 91, 31, 8, 1, 1, 0, 0, 0, 0, 0, 0, 0, 0, 0, 0, 0, 0, 0, 0, 0, 0, 0, 
With Respected to IonType 4, type 2 distribution---------
15, 104, 673, 2426, 6596, 13870, 23655, 33802, 40169, 42790, 38981, 31395, 22311, 14575, 8336, 4359, 2087, 857, 359, 125, 41, 5, 2, 0, 0, 0, 0, 0, 0, 0, 0, 0, 0, 0, 0, 0, 0, 0, 0, 0, 0, 
With Respected to IonType 4, type 3 distribution---------
18, 189, 1087, 3834, 9686, 19113, 29818, 39293, 43640, 41794, 35267, 26446, 17246, 10310, 5457, 2576, 1095, 432, 171, 43, 12, 5, 1, 0, 0, 0, 0, 0, 0, 0, 0, 0, 0, 0, 0, 0, 0, 0, 0, 0, 0, 
With Respected to IonType 4, type 4 distribution---------
14, 188, 962, 3381, 8713, 17202, 27989, 38109, 43426, 42561, 37087, 27814, 18429, 11211, 5799, 2783, 1181, 470, 145, 51, 11, 3, 2, 1, 1, 0, 0, 0, 0, 0, 0, 0, 0, 0, 0, 0, 0, 0, 0, 0, 0, 
With Respected to IonType 4, type 5 distribution---------
14818, 37202, 51522, 51401, 44072, 33354, 23170, 14738, 8674, 4647, 2180, 1032, 441, 179, 55, 32, 13, 3, 0, 0, 0, 0, 0, 0, 0, 0, 0, 0, 0, 0, 0, 0, 0, 0, 0, 0, 0, 0, 0, 0, 0, 
With Respected to IonType 5, type 0 distribution---------
48213, 44693, 20164, 6090, 1333, 220, 39, 2, 0, 0, 0, 0, 0, 0, 0, 0, 0, 0, 0, 0, 0, 0, 0, 0, 0, 0, 0, 0, 0, 0, 0, 0, 0, 0, 0, 0, 0, 0, 0, 0, 0, 
With Respected to IonType 5, type 1 distribution---------
5, 47, 280, 1138, 3003, 6142, 10457, 14850, 17508, 18198, 16047, 12765, 9016, 5518, 3121, 1513, 743, 255, 99, 31, 12, 3, 1, 2, 0, 0, 0, 0, 0, 0, 0, 0, 0, 0, 0, 0, 0, 0, 0, 0, 0, 
With Respected to IonType 5, type 2 distribution---------
5, 66, 300, 1169, 3051, 6342, 10615, 14783, 17478, 17857, 15958, 12627, 8826, 5610, 3157, 1652, 766, 316, 119, 42, 6, 8, 1, 0, 0, 0, 0, 0, 0, 0, 0, 0, 0, 0, 0, 0, 0, 0, 0, 0, 0, 
With Respected to IonType 5, type 3 distribution---------
4, 107, 593, 1841, 4564, 8584, 13243, 16883, 18603, 17582, 14255, 10225, 6785, 3916, 2041, 884, 410, 153, 44, 26, 9, 1, 0, 0, 0, 1, 0, 0, 0, 0, 0, 0, 0, 0, 0, 0, 0, 0, 0, 0, 0, 
With Respected to IonType 5, type 4 distribution---------
9, 85, 497, 1542, 4035, 7803, 12130, 16364, 18404, 17914, 14843, 11423, 7350, 4247, 2298, 1120, 429, 165, 61, 21, 11, 2, 1, 0, 0, 0, 0, 0, 0, 0, 0, 0, 0, 0, 0, 0, 0, 0, 0, 0, 0, 
With Respected to IonType 5, type 5 distribution---------
3814, 11015, 17084, 19900, 19087, 16628, 12814, 9000, 5490, 3088, 1509, 726, 344, 144, 70, 27, 8, 6, 0, 0, 0, 0, 0, 0, 0, 0, 0, 0, 0, 0, 0, 0, 0, 0, 0, 0, 0, 0, 0, 0, 0, 
